Q1 0 2045573739254079743 1
Q1 0 2045571193474855107 1
Q1 0 2045549713693503716 1
Q1 0 2045549654495150328 1
Q1 0 2045549614884159820 1
Q1 0 2045549591995773039 1
Q1 0 2045549495451091213 1
Q1 0 2045549461196226908 1
Q1 0 2045549217930997966 1
Q1 0 2045549186343735364 1
Q1 0 2045549138709029046 1
Q1 0 2045549047571005905 1
Q1 0 2045548867903803395 1
Q1 0 2045548678241501456 1
Q1 0 2045542103011270926 1
Q1 0 2045519789758546219 1
Q1 0 2045519632413433951 1
Q1 0 2045517734058897559 1
Q1 0 2045512547151806494 1
Q1 0 2045511823730811232 1
Q1 0 2045503789055275391 1
Q1 0 2045502888579854446 1
Q1 0 2045502703183282292 1
Q1 0 2045499246778958154 1
Q1 0 2045481909052944673 1
Q1 0 2045481068225057206 1
Q1 0 2045460565804327241 1
Q1 0 2045460540986642564 1
Q1 0 2045457111199494467 1
Q1 0 2045454855343321395 1
Q1 0 2045447425662374204 0
Q1 0 2045416614380859472 0
Q1 0 2045411236037238946 0
Q1 0 2045409495153811901 0
Q1 0 2045408680825246036 0
Q1 0 2045401636223467691 0
Q1 0 2045385710895808554 0
Q1 0 2045370110156616079 0
Q1 0 2045356133330677968 0
Q1 0 2045349638257995968 0
Q1 0 2045339994361917781 0
Q1 0 2045338271903854737 0
Q1 0 2045337938658201652 0
Q1 0 2045335856437760124 0
Q1 0 2045330824963440841 0
Q1 0 2045314166626390145 0
Q1 0 2045304086728249410 0
Q1 0 2045300150797815883 0
Q1 0 2045286924559241238 0
Q1 0 2045253091918749975 0
Q1 0 2045217083894501616 0
Q1 0 2045205536677789708 0
Q1 0 2045204351174561966 0
Q1 0 2045201555490517481 0
Q1 0 2045200548186489087 0
Q1 0 2045199742557389141 0
Q1 0 2045197253342527635 0
Q1 0 2045194334413169130 0
Q1 0 2045192707828494521 0
Q1 0 2045184728718811431 0
Q1 0 2045177637836877853 0
Q1 0 2045161902045597893 0
Q1 0 2045159873789231554 0
Q1 0 2045152201870602366 0
Q1 0 2045148080886939778 0
Q1 0 2045141533918130522 0
Q1 0 2045135883964199216 0
Q1 0 2045123848992145482 0
Q1 0 2045109208446820850 0
Q1 0 2045059276977414571 0
Q1 0 2044921937386729890 0
Q1 0 2044880470505099360 0
Q1 0 2044861016648114250 0
Q1 0 2044842733295038737 0
Q1 0 2044832035903312080 0
Q1 0 2044823437752029395 0
Q1 0 2044794774754820434 0
Q1 0 2044779381231337811 0
Q1 0 2044777664473653618 0
Q1 0 2044775482886078968 0
Q1 0 2044773622036983923 0
Q1 0 2044773217991356881 0
Q1 0 2044771701410398365 0
Q1 0 2044768921689927779 0
Q1 0 2044764427019305176 0
Q1 0 2044760718004965525 0
Q1 0 2044752185918165104 0
Q1 0 2044751825669325082 0
Q1 0 2044750112237461518 0
Q1 0 2044748523971948743 0
Q1 0 2044737440804687951 0
Q1 0 2044723730396618866 0
Q1 0 2044723202228994090 0
Q1 0 2044722714423046399 0
Q1 0 2044717680125776339 0
Q1 0 2044715847759904788 0
Q1 0 2044658810132853026 0
Q1 0 2044655353061855570 0
Q1 0 2044629869968159057 0
Q1 0 2044628978976346459 0
Q2 0 2045590132019843389 1
Q2 0 2045589475695509776 1
Q2 0 2045586444706521467 1
Q2 0 2045585941914370086 1
Q2 0 2045583478821880081 1
Q2 0 2045581640005501387 1
Q2 0 2045573623809794266 1
Q2 0 2045572231313658145 1
Q2 0 2045568643656810654 1
Q2 0 2045568467827335493 1
Q2 0 2045565222769897924 1
Q2 0 2045561273983926317 1
Q2 0 2045559942497624359 1
Q2 0 2045559317240414506 1
Q2 0 2045558654581997599 1
Q2 0 2045554928580436298 1
Q2 0 2045548837516054577 1
Q2 0 2045547861119578254 1
Q2 0 2045540474694648270 1
Q2 0 2045540015464394992 1
Q2 0 2045538647575789666 1
Q2 0 2045531098210312224 1
Q2 0 2045529895757914518 1
Q2 0 2045528037425291322 1
Q2 0 2045523281567272991 1
Q2 0 2045522392248701301 1
Q2 0 2045522166201086443 1
Q2 0 2045521168590045612 1
Q2 0 2045518783423332573 1
Q2 0 2045516891666694528 1
Q2 0 2045516044085678579 0
Q2 0 2045515803663958049 0
Q2 0 2045513740922290286 0
Q2 0 2045502304166576159 0
Q2 0 2045502174214422626 0
Q2 0 2045497567106982061 0
Q2 0 2045496116670574876 0
Q2 0 2045493428361003143 0
Q2 0 2045488492885549359 0
Q2 0 2045487306325574080 0
Q2 0 2045485112188424549 0
Q2 0 2045483460064583871 0
Q2 0 2045482203174596714 0
Q2 0 2045480925786427489 0
Q2 0 2045480284703871246 0
Q2 0 2045474947355873677 0
Q2 0 2045470538467045771 0
Q2 0 2045470263114879481 0
Q2 0 2045467822973714755 0
Q2 0 2045466655149396198 0
Q2 0 2045464868333969518 0
Q2 0 2045464000717041854 0
Q2 0 2045462309464916420 0
Q2 0 2045454750775194088 0
Q2 0 2045454189078118490 0
Q2 0 2045445650402128072 0
Q2 0 2045426572455493964 0
Q2 0 2045422811271791098 0
Q2 0 2045421695490777417 0
Q2 0 2045418589470011896 0
Q2 0 2045416773130895537 0
Q2 0 2045414956531675617 0
Q2 0 2045408796122435704 0
Q2 0 2045406419051008314 0
Q2 0 2045406283767976430 0
Q2 0 2045403083925242118 0
Q2 0 2045395379156344835 0
Q2 0 2045391209699377456 0
Q2 0 2045389991757406693 0
Q2 0 2045387761570775062 0
Q2 0 2045383605967286491 0
Q2 0 2045376517400912325 0
Q2 0 2045373980605820954 0
Q2 0 2045365810991165795 0
Q2 0 2045365666954322012 0
Q2 0 2045364663651840221 0
Q2 0 2045358694628737310 0
Q2 0 2045356707006603403 0
Q2 0 2045356431021424870 0
Q2 0 2045350917143396692 0
Q2 0 2045350881743298784 0
Q2 0 2045350376208310388 0
Q2 0 2045348894159028335 0
Q2 0 2045348627984339199 0
Q2 0 2045341083060645972 0
Q2 0 2045338761106469168 0
Q2 0 2045337997105606726 0
Q2 0 2045331548354875433 0
Q2 0 2045330707631775826 0
Q2 0 2045327367439057104 0
Q2 0 2045325510197301572 0
Q2 0 2045317305937363323 0
Q2 0 2045316358234071194 0
Q2 0 2045312763803644268 0
Q2 0 2045310655029203114 0
Q2 0 2045309719636574252 0
Q2 0 2045290342480560132 0
Q2 0 2045290156517736722 0
Q2 0 2045287271843221658 0
Q2 0 2045284349294067888 0
Q3 0 2045591760668143999 1
Q3 0 2045589893322248273 1
Q3 0 2045582607933485323 1
Q3 0 2045579695962345644 1
Q3 0 2045579374322135243 1
Q3 0 2045572089822978062 1
Q3 0 2045568313422655814 1
Q3 0 2045564650998100053 1
Q3 0 2045552881898856632 1
Q3 0 2045541170382512264 1
Q3 0 2045519782683013271 1
Q3 0 2045508433068040207 1
Q3 0 2045496895296979212 1
Q3 0 2045496432522637366 1
Q3 0 2045494757284331791 1
Q3 0 2045492825932902661 1
Q3 0 2045491379325878406 1
Q3 0 2045474147614982427 1
Q3 0 2045470886161940749 1
Q3 0 2045466805821456780 1
Q3 0 2045463752049623493 1
Q3 0 2045463198669652382 1
Q3 0 2045454586874311072 1
Q3 0 2045423846472200246 1
Q3 0 2045418673607749980 1
Q3 0 2045417942293328140 1
Q3 0 2045387069497671932 1
Q3 0 2045382549082722419 1
Q3 0 2045353818628771974 1
Q3 0 2045343345988559248 1
Q3 0 2045338321396674651 0
Q3 0 2045334254284861511 0
Q3 0 2045314971119333692 0
Q3 0 2045308875792847128 0
Q3 0 2045294882890354827 0
Q3 0 2045281391818989895 0
Q3 0 2045273612136206726 0
Q3 0 2045272872709415052 0
Q3 0 2045269537671827545 0
Q3 0 2045263862971125934 0
Q3 0 2045255996419780753 0
Q3 0 2045255094992564683 0
Q3 0 2045254886741381363 0
Q3 0 2045253089523859484 0
Q3 0 2045250752629604758 0
Q3 0 2045248701992411263 0
Q3 0 2045247945935671476 0
Q3 0 2045244922127855739 0
Q3 0 2045244245175378330 0
Q3 0 2045244075922837612 0
Q3 0 2045243940581126651 0
Q3 0 2045243833848299625 0
Q3 0 2045243556663894288 0
Q3 0 2045243476443607147 0
Q3 0 2045243140471165125 0
Q3 0 2045242576438010172 0
Q3 0 2045242486394916929 0
Q3 0 2045239342763745411 0
Q3 0 2045234598724927722 0
Q3 0 2045231684061466809 0
Q3 0 2045231630613393625 0
Q3 0 2045227489446826318 0
Q3 0 2045226451230715917 0
Q3 0 2045220324371988844 0
Q3 0 2045214197232128506 0
Q3 0 2045208073481126207 0
Q3 0 2045207613294416212 0
Q3 0 2045206030842519915 0
Q3 0 2045203328175595891 0
Q3 0 2045201688953569569 0
Q3 0 2045199591688024328 0
Q3 0 2045199411660141008 0
Q3 0 2045194294345240997 0
Q3 0 2045188284976963781 0
Q3 0 2045188116169015436 0
Q3 0 2045187713532674264 0
Q3 0 2045186876399554870 0
Q3 0 2045184564424020136 0
Q3 0 2045184433603420546 0
Q3 0 2045184072574710175 0
Q3 0 2045184044095197627 0
Q3 0 2045182447806235128 0
Q3 0 2045182060135104639 0
Q3 0 2045180270295359630 0
Q3 0 2045178137139396865 0
Q3 0 2045175226992828846 0
Q3 0 2045173400549642368 0
Q3 0 2045171865828958660 0
Q3 0 2045171692809408716 0
Q3 0 2045171632239690087 0
Q3 0 2045171622282482066 0
Q3 0 2045170924736205092 0
Q3 0 2045170673123786894 0
Q3 0 2045170496552235252 0
Q3 0 2045170318659006771 0
Q3 0 2045170169300029504 0
Q3 0 2045169749651513558 0
Q3 0 2045167952597549555 0
Q3 0 2045167184167530517 0
Q3 0 2045165049862406260 0
Q4 0 2045258663917683066 1
Q4 0 2045207981927567684 1
Q4 0 2045178848736616821 1
Q4 0 2045171002787652068 1
Q4 0 2045169591626694829 1
Q4 0 2045162472399643084 1
Q4 0 2045149194105594000 1
Q4 0 2044996776273358928 1
Q4 0 2044899307913154765 1
Q4 0 2044764821153870021 1
Q4 0 2044687165590827276 1
Q4 0 2044576946772754572 1
Q4 0 2044453586567102626 1
Q4 0 2044406228902633597 1
Q4 0 2044282236405522577 1
Q4 0 2044081832707403817 1
Q4 0 2043944467166834872 1
Q4 0 2043812209956987264 1
Q4 0 2043749962014699633 1
Q4 0 2043717460323655925 1
Q4 0 2043699333384622572 1
Q4 0 2043691654532448343 1
Q4 0 2043618074004230405 1
Q4 0 2042990224754479162 1
Q4 0 2042985384758645092 1
Q4 0 2042952208082518236 1
Q4 0 2042932046553608378 1
Q4 0 2042701064718422385 1
Q4 0 2042692575623020917 1
Q4 0 2042688388277395845 1
Q4 0 2042606424014950593 0
Q4 0 2042604814329168165 0
Q4 0 2042276137145901556 0
Q4 0 2042272830298178020 0
Q4 0 2042249586509541399 0
Q4 0 2042171139829432516 0
Q4 0 2042142762749878444 0
Q4 0 2042015559479361541 0
Q4 0 2041962747936538831 0
Q4 0 2041930486759768357 0
Q4 0 2041923399753048312 0
Q4 0 2041921960171413507 0
Q4 0 2041905063912743183 0
Q4 0 2041903349755474237 0
Q4 0 2041891901482192938 0
Q4 0 2041891426712068118 0
Q4 0 2041887765567304174 0
Q4 0 2041887188300816720 0
Q4 0 2041882673866526871 0
Q4 0 2041880508716458055 0
Q4 0 2041861294559535129 0
Q4 0 2041845634958029112 0
Q4 0 2041844630652690667 0
Q4 0 2041843391827230924 0
Q4 0 2041838158518587619 0
Q4 0 2041835131611038092 0
Q4 0 2041798532718588389 0
Q4 0 2041792467813724527 0
Q4 0 2041748656043520244 0
Q4 0 2041737822864802214 0
Q4 0 2041696609637949870 0
Q4 0 2041692805303824896 0
Q4 0 2041691552872063442 0
Q4 0 2041685755001524587 0
Q4 0 2041683850305400963 0
Q4 0 2041666567608660048 0
Q4 0 2041647589930475702 0
Q4 0 2041627255000957416 0
Q4 0 2041589084007887014 0
Q4 0 2041587846918627440 0
Q4 0 2041584903221887087 0
Q4 0 2041584498463101219 0
Q4 0 2041584260985856225 0
Q4 0 2041584233576329626 0
Q4 0 2041563982062817601 0
Q4 0 2041563770451787846 0
Q4 0 2041561536796270897 0
Q4 0 2041536014410530878 0
Q4 0 2041514690937831700 0
Q4 0 2041482278346412495 0
Q4 0 2041462237898948893 0
Q4 0 2041390942578708500 0
Q4 0 2041388603905818978 0
Q4 0 2041387038952574980 0
Q4 0 2041380122985677278 0
Q4 0 2041236761041395749 0
Q4 0 2041187786309714034 0
Q4 0 2041182756277821917 0
Q4 0 2041158083049664973 0
Q4 0 2041148105270456454 0
Q4 0 2041133696225583212 0
Q4 0 2041125523011625064 0
Q4 0 2041105847217168858 0
Q4 0 2041100327102083500 0
Q4 0 2041088089875992892 0
Q4 0 2041064616051310956 0
Q4 0 2041003430484082883 0
Q4 0 2040974055025918176 0
Q4 0 2040919012092121177 0
Q4 0 2040908442333069379 0
Q5 0 2045412836118036796 1
Q5 0 2045348449563091109 1
Q5 0 2045228340697530384 1
Q5 0 2044747507071123779 1
Q5 0 2044745448506667149 1
Q5 0 2044730760188334557 1
Q5 0 2044675064399028400 1
Q5 0 2044396827081158862 1
Q5 0 2044395237825773617 1
Q5 0 2044378996662751739 1
Q5 0 2044377957054181378 1
Q5 0 2044140543987364099 1
Q5 0 2044107180928831804 1
Q5 0 2044057645179343048 1
Q5 0 2044049369746547041 1
Q5 0 2043597424585785499 1
Q5 0 2043503663570636950 1
Q5 0 2043500320236437682 1
Q5 0 2043490352011862453 1
Q5 0 2043421909363175825 1
Q5 0 2043245236806107552 1
Q5 0 2042985699163373924 1
Q5 0 2042588616866611482 1
Q5 0 2042327031334256826 1
Q5 0 2042008053877190911 1
Q5 0 2041812580256379160 1
Q5 0 2041659861298245926 1
Q5 0 2041078883005669859 1
Q5 0 2040391031993385002 1
Q5 0 2040387976987885672 1
Q5 0 2039735095364350034 0
Q5 0 2039683952580120844 0
Q5 0 2039566186749321513 0
Q5 0 2039492727554126239 0
Q5 0 2039462811575730443 0
Q5 0 2039405738804592943 0
Q5 0 2039356685438046407 0
Q5 0 2039353010250207261 0
Q5 0 2039276731505217758 0
Q5 0 2039251808703713533 0
Q5 0 2039245713192956041 0
Q5 0 2039236155657351277 0
Q5 0 2039200934803227046 0
Q5 0 2039193446876131616 0
Q5 0 2039183453963649278 0
Q5 0 2039183061712347213 0
Q5 0 2039142959275286973 0
Q5 0 2039140417548202168 0
Q5 0 2039126306617495929 0
Q5 0 2039110523242135764 0
Q5 0 2039085182842728671 0
Q5 0 2039054737077686464 0
Q5 0 2039025042596495377 0
Q5 0 2039025018542133408 0
Q5 0 2039017924615401876 0
Q5 0 2039009168925872437 0
Q5 0 2038983043440844845 0
Q5 0 2038980054026457278 0
Q5 0 2038979339799380031 0
Q5 0 2038948235507609644 0
Q5 0 2038944401863659919 0
Q5 0 2038934463007113321 0
Q5 0 2038933062596084159 0
Q5 0 2038903314838929421 0
Q5 0 2038903036790419582 0
Q5 0 2038901465582821649 0
Q5 0 2038894125383033286 0
Q5 0 2038867855249146307 0
Q5 0 2038837561993626034 0
Q5 0 2038820525749752136 0
Q5 0 2038596028069220721 0
Q5 0 2038591783467446452 0
Q5 0 2038580949689024568 0
Q5 0 2038576429655306659 0
Q5 0 2038562558768976168 0
Q5 0 2038545085751546178 0
Q5 0 2038544204528316595 0
Q5 0 2038531872804741306 0
Q5 0 2038527555989303370 0
Q5 0 2038512705695330380 0
Q5 0 2038494918247891310 0
Q5 0 2038494279627145666 0
Q5 0 2038466751978205330 0
Q5 0 2038410967264997602 0
Q5 0 2038394340998041851 0
Q5 0 2038361983272022145 0
Q5 0 2038344286757089286 0
Q5 0 2038317970473279514 0
Q5 0 2038314091878687187 0
Q5 0 2038302535644266766 0
Q5 0 2038302179082268823 0
Q5 0 2038276468690813139 0
Q5 0 2038266082306457780 0
Q5 0 2038258439256789402 0
Q5 0 2038214815752024460 0
Q5 0 2038206830757703844 0
Q5 0 2038188935226990633 0
Q5 0 2038167793183469855 0
Q5 0 2038165556067807438 0
Q5 0 2038161983456100698 0
